12 32
65 46
13 89
11 90
46 83
97 11
54 86
29 64
89 76
98 54
83 17
32 9
1 23
32 5
12 65
56 22
83 29
2 93
33 39
1 9
39 65
22 63
72 86
29 12
85 88
99 99
33 65
12 9
74 1
84 2
76 73
11 2
83 19
87 82
82 12
85 32
85 27
74 11
86 92
9 92
87 45
82 56
81 32
81 45
84 82
19 22
95 5
79 87
74 82
4 9
96 95
95 93
82 84
83 82
94 52
84 72
10 3
10 27
73 71
93 17
10 63
1 2
92 36
73 84
81 85
92 23
3 96
96 84
84 71
82 87
93 75
23 95
24 86
34 4
23 24
52 25
24 8
12 89
85 23
23 54
32 8
45 2
85 92
84 84
58 82
91 84
30 74
74 3
81 90
43 85
73 92
93 83
94 94
94 90
92 45
86 81
84 87
93 18
10 10
38 38