0.38954723 0.2091875174
0.68293857 0.44838535
0.10563736 0.49989407
0.64090388 0.02010498
0.87690905 0.20738822
0.39553055 0.21833331
0.79687808 0.41879506
0.45294075 0.03381607
0.73059055 0.60003217
0.31002884 0.2174684
0.88987398 0.48907597
0.33631301 0.91350224
0.85083266 0.71281566
0.38296498 0.31357933
0.65972619 0.55785291
0.40129177 0.38592163
0.9896168  0.19657543
0.3847378  0.06221258
0.18950338 0.28001436
0.69687808 0.41879506
0.25294075 0.03223281607
0.73349055 0.10003217
0.31002884 0.1174684
0.2228987398 0.88907597
0.983631301 0.6571350224
0.335083266 0.31281566
0.48296498 0.11357933
0.7783631301 0.6271350224
0.3635083266 0.981281566
0.88296498 0.21357933