12.0 12.0 
65.0 65.0 
13.0 13.0 
11.0 11.0 
46.0 46.0 
97.0 97.0 
54.0 54.0 
29.0 29.0 
89.0 89.0 
98.0 98.0 
86.0 86.0 
91.0 91.0 
33.0 33.0 
22.0 22.0 
10.0 10.0 
22.0 22.0 
74.0 74.0 
61.0 61.0 
20.0 20.0 
32.0 32.0 
85.0 85.0 
3.0 3.0 
32.0 32.0 
43.0 43.0 
23.0 23.0 
94.0 94.0 
99.0 99.0 
23.0 23.0 
45.0 45.0 
1.0 1.0 
23.0 23.0 
23.0 23.0 
57.0 57.0 
43.0 43.0 
84.0 84.0 
56.0 56.0 
83.0 83.0 
42.0 42.0 
12.0 12.0 
73.0 73.0 
91.0 91.0 
31.0 31.0 
31.0 31.0 
82.0 82.0 
22.0 22.0 
42.0 42.0 
22.0 22.0 
57.0 57.0 
86.0 86.0 
29.0 29.0 
